330313301111113 ΒΕ BATIONIBVS

p'ag. Trinummi
360. 60711. 663
396 664
414 aq. 600 606
3383. 460 668
133 sq. 671
333 373
353 674
333. 333 666
346. 131.138 676
476 678
488. 491 679
313 380
470 681
408 682
380 683
474 684
161 686 233
153. 461 687 350. 37761, 13
333 686
313 690
369 333
460 696
363. 602 696
133sq. 697
3333. 333. 513 333
133133 666
330 102
:133 661
3666. 333. 313 666
331“ι,766
3661666
1164666
310. 560 709
161. 461 711
333 113
3315. 3666.. 666 611
66113666. 166, 13666. 166666 616
333. 333. 110 616
1331q. 616
313 113
:13:3133 666
333. 333 131
33:313.»
385. 3353133. 166. 661ιὲ 661
1116666

 

