Eussuuffloms mmm.

pag. Ι Trinummi

⁴ffiwmm
mfflmae
mwww
mwv
mam

301 330100.

ωηο

wwmmw

mam
3ωωη

314 313

mmmm

337. 30311 310

mam

mul

100. 316 252·

mmmmm

183 260
310 261111.
310 363
306 361
30811 265
300. 360. 363. 386. 337 133
110 363

mwmwmm
⁴ffim

3011. 113
133133 276
133 27⁸
363133 170
310 2⁸1

310 360 2¹84
mmmmm
33310101
133138 ’.133

316 101

mesp

3111311301 001
313 133

311. 161 300
333131 301
313 sqq. 301

116 303

360 303

100 301

ὢ3

pag.

331

333. 413

333. 383. 384. 313
383

337. 383. 438
337

333

344. 313

310. 330. 333
330

333

4331.

384

303

1331.

333

313 η.

330 lq.

333. 323 η.
321

331. 330. m. 310
310

308. 330

330

330. 311

303. 410

131

308. 3311. 338
300. 303. 333 ’
303

113

331

333

333

101. 301

331

333. 113. 33010.
330

0111

106. 463. 361 aq.
100. 433

 

