nunnnmoms mmmm. 637

pag. ξ Trinummi

333.366.444·611
410,313

367. 363. ῡιειξκιει
447.600 314

463 6001313

407 819

407 630

4301331

6077633

336 333

336 034

600 630

mla-37

327 330

307.407 330
3736 633

330 336

300 336
360.407.611 337
413.468 336

334 333

613 341

300 843
300.513Ι344

407 406

403 346

01216477

336 ⁵⁴48

374 360

607 361

3104856
377664
,45ῡέ466
4481837

333. 510. 513 ' 636
367 363

300 864

310 800

344. 440 ’363
3601360
352'870

6101373

396 sq. 613. 613 J 374
433, 407 ¹ 376

337 876

ρας.

3333.

6076.
310.330
367.430
330.466ι
330

336

360.410
310.330,366
330

374.436

364

333,463

346

360

373

337

316
366.366.463
406

406

334.373
373.406.471
336

430

473
367.363,467
344.406.471
474

306.366
300.463.493
362,406
471.403

430

434.408

451

310

300
303.362.333.400,466
360

374

409
330.4474.436
336,367.486
414

 

