Pnobmonffi DE mlomnvs

png. hinummi
944. 4673. 946
330 947
993. 410. 459. 477 949
467 960
999 951
460 959
397. 959 959 .
33735. 504 954 34
330. 459 sq. 956
474 957 3585. 3935. 49
960 956 ’
467. 496 969
400 964
990 965
371 966
368. 371. 996 967
330. 400 968
969. 477 969
964. 469 970
497. 492 971
969 979 910. 367. 96

910. 331. 3583. 961 974 310. 339. 31

390. 4575. 976 -
335. 477 977 331. 35
339 976 331. 391.
467 979

333. 333 330
3535, 353 3555. 351, 11.
333 385
303. 315 335
514 sq. 989
31351. 311. 3535. 335
355. 315 353
355 3 331
315, 355 335
315, 330. 333 ,1551
355. 3533. 435 1555
355. 553 1553
151 1555
031 1515
3355135 1513
4351 1514
331. 415. 533ῐ 1515
330( 1515
335Ι 1511

 

