1‘6012660616176 DE 6671061676

I.

pag. ¹ Trinummi
416 66
466 66

466 66 ,
888. 8888. 488 77
481 74
487 78
878 78
484, 888 78
487 88
484 87
888. 488. 487 88
888 66
874. 484 66
464 88
887 87
660 88
887, 887 8. 64
646 66
466 66
461 100
4476. 106
306 106
466 777
466611. 114
360. 466 116
606 117
877 118
610 161
466. 877Ι 178
3784718177
488. 606. 616. 616 ' 166
848, 488. 484. 818 ³ 160
488187
606. 660. 606 166
488 184
636. 376. 360 ³ 166
461 787
488Ῐ 748
887. 636. 360. 367 141
366. 361 j 144
4881148

 

