nuzunmoms PLAVTINAE.

pag. Trinummi

33011101

1118 11111
333173 11011
3311. 1311 11011
3301711199 1113
3371131111. 1113
3119. 3311 11111
3311 11311

3116. 387 1133

3303113 1121
1ῖο 1133
³113. 3611 1136
355 11311

3111. 355. 358 a. 1111 1123

311. 311. 11111 1130
331 1131

111. 331. 11111 1131
333. 3131111101 1113
311. 11113 1131
1311, 3311. 331 1133
331 1131

313 1111

313. 31111 1113

333, 1111. 137. 130111. 1:13 1153

3711 1133

31111 Ι 11.”11’1
323, «11111 · 11117

1113 1100

-11111 11111
3111111113
311 11113
332¹ 111111

353. 121. 132). 511. 5111111· 11111

31111 111111
113 11111

331 1113

3311, 311 1111
1111 11111

3111 300, 1111131113
331. -133' 1133
,1111111111

539

m.

377

139

191 tq.

330

313

3111

333. 383
319

330

113. 131111. 173
177

333

1311

138

337

363

309

³991q. 391
³931q. 173
11111

311

310

301

310

3311. 110
3011, 335. 105
330

173

3011. 333
310

301

3110

110

173

3111. 139
31111. 51111
3511. 3113
310. 1111. 11111·
311

310, 3311. 117
333

 

